227 100 5000 -4
4606 -3441 11919 -73
5000 62 100 -24
7867 6729 19203 63
-13372 -122 34257 -21
365 5000 25004 97
-2826 -108 4752 -64
42341 14629 157 -59
-32 1579 10796 -35133
5131 -28925 142 -856
201 -100 -5000 -100
5620 -52 9396 -45
5000 -99 28 -100
150 378 202 -28
3 -4 15129 -1119
5000 267 100 -100 
127 -14313 3210 73 
47 -36848 1986 -750 
42910 7278 100 -347 
3382 1391 91453 -9 
-278 100 5000 -100 
5000 5000 100 5000 
660 -39 80 -27 
-9 7 5463 -77 
26083 -17 80 -5 
3629 -100 -5000 -13175 
-35 -6 59617 11 
5000 -3182 100 280 
982 -3342 213675 -115 
100 5000 -100 100 
18573 -5000 5000 -5000 
4 611 304 0 
-100 22 9206 -11857 
-1 -149 29604 -506 
5000 3 100 -32 
0 -45 1886 -1005 
503466 5618 1979 7 
7727 137 532 -61 
84900 -30913 30785 -19
12 3459 98945 -30 
100 1671 5000 -5000 
100 5000 5000 -5000 
-36 3 105 -45 
24 -18 28958 -22 
-76 13653 100 -90
-100 -1409 5000 100
62 100 5000 -1948
8141 -2118 158 -20
-64 22599 155 -55
-3 0 15180 -3772
