5000 24522 5000 -100
5000 -100 183 -156
329 2 27575 -64
-406 -93 539 -119738
-544 845 -5592 -62
9464 4881 1364 2
7230 -2909 5000 -716
399 -2 57 -27
2646 -697 1007 0
764 82 787 -21
5000 289 5000 5000
14016 13183 117 -11
4281 0 8011 10645
74884 -7 -9260 -58
215 -259 6 -15
1100 4832 95 -89
-100 5000 5000 -5000
5000 5000 -100 100
7 223 32 -18
6772 15 87 94
-5000 -5000 5000 -5000
-958 -241 -12421 -358
-90 -107556 2537 -665
5000 100 100 -79
-300 -709 3627 -7133
182 24 152 -2244
220552 -20 -2 -22
4157 5052 23 142
23679 5000 473 89
-168 -69 2561 -198
5000 5000 100 -100
16216 9853 231 -120
15898 4100 31 0
18198 20138 708 -181
5000 5000 100 -19
-10125 -2 538 142
-583 0 3960 20
12011 100 100 -100
0 -20357 1443 -2097
5000 -1098 2176 -5000
5000 5000 46 -75
1 5000 100 269
5000 5000 100 100
3889 -199 136 -3286
77118 -1324 115 -676
3932 123 52 14
73 -337 920 -60
5000 1169 100 -5000
634 -2789 36915 -236
-2 -4313 -3956 -7