5000 9291 100 -100
 -137 1799 148 -41359
4107 53 3231 -2
-538 5000 26776 -20
-244 -728 136 -71
5000 5000 100 -100
71237 -17593 239 -6
9825 -22 260 -105
229 -4031 5 -5
9 4668 6 0
12904 100 100 -50
234 10907 100 -91
3012 -155 1056 -522
100 5000 1270 -48
7367 0 125 -37
5474 5000 -157 -100
-71 10283 100 -19
2297 -1806 158290 -204
2474 6091 24 -12686
0 210 -78434 0
100 5000 43 -29
8850 100 100 -57
8073 -58 2508 -16
13168 100 593 -36
9716 5000 -100 100
5000 692 100 100
-100 5000 100 -100
5000 5000 100 100
5000 5000 100 100
11459 -5000 100 -100
5000 5000 100 306
-100 5000 100 -100
5000 5000 100 100
2321 -2589 -171 -215
8062 5000 100 -100
34908 1430 78 5
2376 10259 7922 -2083
2 11716 324 -38
5000 -9 231 -17
0 -79813 109 325
5000 -100 100 -5000
5000 -5000 -100 -4785
5000 -89 100 -100
-11 10201 9206 10419
100 12803 57 -100
-1406 -247 508 -145
298 276260 52 -38877
1 10 2 0
1617 96 7389 -1207
5828 244 5392 -47
